-- ========================================================================
-- [[ LOUIS HUB - TIME BOMB DUELS FUNCTIONAL PREMIUM EDITION (OPTIMIZED) ]]
-- ========================================================================

-- UPVALUE CACHING FOR MAXIMUM PERFORMANCE UNDER OBFUSCATION
local Vector3_new = Vector3.new
local CFrame_new = CFrame.new
local CFrame_Angles = CFrame.Angles
local CFrame_lookAt = CFrame.lookAt or function(p, t) return CFrame.new(p, t) end
local math_rad = math.rad
local math_random = math.random
local math_clamp = math.clamp
local math_huge = math.huge
local tick = tick
local ipairs = ipairs
local pairs = pairs
local tonumber = tonumber
local pcall = pcall
local task_wait = task.wait
local task_spawn = task.spawn
local task_defer = task.defer

-- Macro definition for local compatibility before obfuscation
local LPH_NO_VIRTUALIZE = LPH_NO_VIRTUALIZE or function(f) return f end

-- Safe fallback to prevent runtime crashes on slider updates
local function updateSliderLabelSafe(val) end

-- 1. LOAD UI LIBRARY FROM YOUR SOURCE
local Library = loadstring(game:HttpGet("https://raw.githubusercontent.com/nazumirui5-oss/Ui-Library/refs/heads/main/Ui%20Library.lua"))()

-- 2. SETUP MAIN ROBLOX SERVICES
local Players = game:GetService("Players")
local LocalPlayer = Players.LocalPlayer or Players.PlayerAdded:Wait()
local RunService = game:GetService("RunService")
local UserInputService = game:GetService("UserInputService")
local Workspace = game:GetService("Workspace")
local Lighting = game:GetService("Lighting")
local TweenService = game:GetService("TweenService")
local Stats = game:GetService("Stats")
local Camera = workspace.CurrentCamera
local Mouse = LocalPlayer:GetMouse()

-- ========================================================
-- [[ LOCAL COORDINATES DATABASE (COPAS DI SINI) ]]
-- ========================================================
-- Tempelkan isi koordinat dari masing-masing file Anda di dalam kurung kurawal di bawah ini.
local Paths = {
    ["fling left 1"] = {{cf={99.48873901367188,3.9999992847442627,-57.38109588623047,0.9381411075592041,5.266717284513334e-09,-0.3462531566619873,-4.226746064261988e-09,1,3.758616085036692e-09,0.3462531566619873,-2.0625881003155655e-09,0.9381411075592041},dt=0.011827999987872317},{cf={99.48873901367188,3.9999992847442627,-57.38109588623047,0.9381411075592041,2.116249397943193e-08,-0.3462531566619873,-1.7038363608889995e-08,1,1.4954677496348268e-08,0.3462531566619873,-8.130011330820253e-09,0.9381411075592041},dt=0.017830769007559866},{cf={99.48873901367188,3.9999992847442627,-57.38109588623047,0.9381411075592041,3.704468909404568e-08,-0.3462531566619873,-2.983903613085204e-08,1,2.6141174558347302e-08,0.3462531566619873,-1.4192250930022965e-08,0.9381411075592041},dt=0.016739923012210056},{cf={99.48873901367188,3.9999992847442627,-57.38109588623047,0.9381411075592041,5.291332172419061e-08,-0.3462531566619873,-4.262877340011073e-08,1,3.731812014962088e-08,0.3462531566619873,-2.0249313337217245e-08,0.9381411075592041},dt=0.01671169197652489},{cf={99.48873901367188,3.9999992847442627,-57.38109588623047,0.9381411075592041,6.876839364622356e-08,-0.3462531566619873,-5.5407586074807114e-08,1,4.8485517822882684e-08,0.3462531566619873,-2.630120476965203e-08,0.9381411075592041},dt=0.016489230998558924},{cf={99.48873901367188,3.9999992847442627,-57.38109588623047,0.9381411075592041,8.460992972914028e-08,-0.3462531566619873,-6.817548126036854e-08,1,5.964337645991691e-08,0.3462531566619873,-3.234792700368416e-08,0.9381411075592041},dt=0.01738069302518852},{cf={99.48873901367188,3.9999992847442627,-57.38109588623047,0.9381411075592041,1.0043793707836812e-07,-0.3462531566619873,-8.093248027307709e-08,1,7.079170671886459e-08,0.3462531566619873,-3.838948359202732e-08,0.9381411075592041},dt=0.016019999980926514},{cf={99.48873901367188,3.9999992847442627,-57.38109588623047,0.9381411075592041,1.162524156939071e-07,-0.3462531566619873,-9.367857245479172e-08,1,8.193050859972573e-08,0.3462531566619873,-4.4425878087395176e-08,0.9381411075592041},dt=0.01703715301118791},{cf={99.48873901367188,3.9999992847442627,-57.38109588623047,0.9381411075592041,8.330005840662125e-08,-0.3462531566619873,-6.71263578055914e-08,1,5.870290564757852e-08,0.3462531566619873,-3.182889685149348e-08,0.9381411075592041},dt=0.016208385000936687},{cf={99.48873901367188,3.9999992847442627,-57.38109588623047,0.9381411075592041,3.4131684145677355e-08,-0.3462531566619873,-2.7506608546445932e-08,1,2.404772914132991e-08,0.3462531566619873,-1.3035913681846978e-08,0.9381411075592041},dt=0.015376922994619235},{cf={99.48873901367188,3.9999992847442627,-57.38109588623047,0.9381411075592041,-1.4994691710512598e-08,-0.3462531566619873,1.2079290456767922e-08,1,-1.0577844378190093e-08,0.3462531566619873,5.741018327398706e-09,0.9381411075592041},dt=0.016805461986223236},{cf={99.48873901367188,3.9999992847442627,-57.38109588623047,0.9381411075592041,-6.407910291272856e-08,-0.3462531566619873,5.163137473118695e-08,1,-4.517384510904776e-08,0.3462531566619873,2.4501915163455124e-08,0.9381411075592041},dt=0.017826538009103388},{cf={99.51517486572266,3.9999992847442627,-57.34477996826172,0.9381411075592041,-9.575565229624772e-08,-0.3462531566619873,7.715666328067528e-08,1,-6.749920800075415e-08,0.3462531566619873,3.6608042819352704e-08,0.9381411075592041},dt=0.0156697689963039},{cf={99.54607391357422,3.9999992847442627,-57.302330017089844,0.9381411075592041,-7.532959500622383e-08,-0.3462531566619873,6.069905111871776e-08,1,-5.3097917174227405e-08,0.3462531566619873,2.8796099726946522e-08,0.9381411075592041},dt=0.01696153901866637},{cf={99.62993621826172,3.9999992847442627,-57.1802864074707,0.9381418228149414,-5.492093180237134e-08,-0.3462512493133545,4.425546862307783e-08,1,-3.8708957816879774e-08,0.3462512493133545,2.0990979621160477e-08,0.9381418228149414},dt=0.01626799997757189},{cf={99.72379302978516,3.9999992847442627,-57.04323196411133,0.9381418228149414,-3.452975860795959e-08,-0.3462512791156769,2.7825935333680718e-08,1,-2.4332285519790275e-08,0.3462512791156769,1.3192368975012414e-08,0.9381418228149414},dt=0.016776383999967948},{cf={99.74583435058594,3.9999992847442627,-57.011051177978516,0.9381418228149414,-1.4156004368715003e-08,-0.3462512493133545,1.1410437039671706e-08,1,-9.96789495388839e-09,0.3462512493133545,5.4004205551905216e-09,0.9381418228149414},dt=0.016725847002817318},{cf={99.74626922607422,3.9999992847442627,-57.010414123535156,0.9381418228149414,6.200346902573983e-09,-0.3462512791156769,-4.9910391375362906e-09,1,4.384227647591388e-09,0.3462512791156769,-2.3848738539555825e-09,0.9381418228149414},dt=0.01687469199532643},{cf={99.74627685546875,3.9999992847442627,-57.01040267944336,0.9381412863731384,2.653930941676208e-08,-0.3462527394294739,-2.1378477654820927e-08,1,1.8724117367696635e-08,0.3462527394294739,-1.0163510921756824e-08,0.9381412863731384},dt=0.01733792302547954},{cf={99.74627685546875,3.9999992847442627,-57.01040267944336,0.9381412863731384,4.6860890279276646e-08,-0.3462527394294739,-3.775191359522978e-08,1,3.305176221601869e-08,0.3462527394294739,-1.793551795969961e-08,0.9381412863731384},dt=0.015856614976655692},{cf={99.74627685546875,3.9999992847442627,-57.01040267944336,0.9381412863731384,6.71651037009724e-08,-0.3462527394294739,-5.4111353620101e-08,1,4.736716974207411e-08,0.3462527394294739,-2.5700892081204074e-08,0.9381412863731384},dt=0.0162322310206946},{cf={99.74627685546875,3.9999992847442627,-57.01040267944336,0.9381412863731384,8.745196566906088e-08,-0.3462527394294739,-7.045680661121878e-08,1,6.16703488276471e-08,0.3462527394294739,-3.3459638615340737e-08,0.9381412863731384},dt=0.017808000004151836},{cf={99.74627685546875,3.9999992847442627,-57.01040267944336,0.9381412863731384,1.0772149039439682e-07,-0.3462527394294739,-8.678829033215152e-08,1,7.596131723630606e-08,0.3462527394294739,-4.1211759338466436e-08,0.9381412863731384},dt=0.01710961599019356},{cf={99.74627685546875,3.9999992847442627,-57.01040267944336,0.9381412863731384,9.511350640423188e-08,-0.3462527394294739,-7.663096823762316e-08,1,6.706903121767027e-08,0.3462527394294739,-3.638654533233421e-08,0.9381412863731384},dt=0.01531346098636277},{cf={99.74627685546875,3.9999992847442627,-57.01040267944336,0.9381412863731384,4.967014177736928e-08,-0.3462527394294739,-4.00187794014073e-08,1,3.5023191458094516e-08,0.3462527394294739,-1.900009216626586e-08,0.9381412863731384},dt=0.016649231023620814},{cf={99.74627685546875,3.9999992847442627,-57.01040267944336,0.9381411075592041,4.265613195997275e-09,-0.3462531566619873,-3.437886642032595e-09,1,3.0047107024699926e-09,0.3462531566619873,-1.6284635862007235e-09,0.9381411075592041},dt=0.016787076980108395},{cf={99.74627685546875,3.9999992847442627,-57.01040267944336,0.9381411075592041,-4.11001366273922e-08,-0.3462531566619873,3.311175333919891e-08,1,-2.8986423927790383e-08,0.3462531566619873,1.5728307545259668e-08,0.9381411075592041},dt=0.017916000011609867},{cf={99.74627685546875,3.9999992847442627,-57.01040267944336,0.9381411075592041,-8.642713567041937e-08,-0.3462531566619873,6.963016829786284e-08,1,-6.095023508123631e-08,0.3462531566619873,3.3070254090716844e-08,0.9381411075592041},dt=0.015524383983574808},{cf={99.74627685546875,3.9999992847442627,-57.01040267944336,0.9381411075592041,-8.192986911126354e-08,-0.3462531566619873,6.600732405104281e-08,1,-5.777763334435804e-08,0.3462531566619873,3.1348328377589496e-08,0.9381411075592041},dt=0.018120231019565836},{cf={99.74627685546875,3.9999992847442627,-57.01040267944336,0.9381411075592041,-6.084835746378303e-08,-0.3462531566619873,4.9023263670733286e-08,1,-4.290970778697556e-08,0.3462531566619873,2.3280900762756573e-08,0.9381411075592041},dt=0.01611138498992659},{cf={99.74627685546875,3.9999992847442627,-57.01040267944336,0.9381411075592041,-3.978485807465404e-08,-0.3462531566619873,3.205371257308798e-08,1,-2.8054483180994794e-08,0.3462531566619873,1.5220365412460524e-08,0.9381411075592041},dt=0.015463691990589723},{cf={99.74627685546875,3.9999992847442627,-57.01040267944336,0.9381411075592041,-1.8739351403951332e-08,-0.3462531566619873,1.5098658323609015e-08,1,-1.3211951532809962e-08,0.3462531566619873,7.1667174417200386e-09,0.9381411075592041},dt=0.01806161500280723},{cf={99.74627685546875,3.9999992847442627,-57.01040267944336,0.9381411075592041,2.2881812000719037e-09,-0.3462531566619873,-1.8419171743389029e-09,1,1.6179001471883225e-09,0.3462531566619873,-8.800489781357612e-10,0.9381411075592041},dt=0.016583924007136375},{cf={99.74627685546875,3.9999992847442627,-57.01040267944336,0.9381411075592041,2.3297754836448803e-08,-0.3462531566619873,-1.876802357969609e-08,1,1.64350826281634e-08,0.3462531566619873,-8.91993856555473e-09,0.9381411075592041},dt=0.015485846000956371},{cf={99.74627685546875,3.9999992847442627,-57.01040267944336,0.9381411075592041,4.428937927514198e-08,-0.3462531566619873,-3.567967254980431e-08,1,3.1239604680877164e-08,0.3462531566619873,-1.695295992476531e-08,0.9381411075592041},dt=0.017416999995475635},{cf={99.74627685546875,3.9999992847442627,-57.01040267944336,0.9381411075592041,6.526308027332561e-08,-0.3462531566619873,-5.25768797388082e-08,1,4.603148440196492e-08,0.3462531566619873,-2.4979117441148446e-08,0.9381411075592041},dt=0.016419384017353877},{cf={99.74627685546875,3.9999992847442627,-57.01040267944336,0.9381411075592041,8.621886138371337e-08,-0.3462531566619873,-6.945965225213513e-08,1,6.081072712049718e-08,0.3462531566619873,-3.29984182201315e-08,0.9381411075592041},dt=0.017097538977395743},{cf={99.71764373779297,3.9999992847442627,-57.04092025756836,0.9381411075592041,1.0715674392258734e-07,-0.3462531566619873,-8.632800785335348e-08,1,7.55773399419013e-08,0.3462531566619873,-4.1010864038071304e-08,0.9381411075592041},dt=0.017305846005911008},{cf={99.71280670166016,3.9999992847442627,-57.04607391357422,0.9381411075592041,9.513350818224353e-08,-0.3462531566619873,-7.664200296630952e-08,1,6.709684186034792e-08,0.3462531566619873,-3.6408771109108784e-08,0.9381411075592041},dt=0.01581746101146564},{cf={99.71271514892578,3.9999992847442627,-57.046173095703125,0.9381411075592041,5.019139237560921e-08,-0.3462531566619873,-4.0435676140759824e-08,1,3.5399022380033784e-08,0.3462531566619873,-1.9208297175055122e-08,0.9381411075592041},dt=0.01674923099926673},{cf={99.71271514892578,3.9999992847442627,-57.046173095703125,0.9381411075592041,5.287671189790899e-09,-0.3462531566619873,-4.260280128676186e-09,1,3.728275910219736e-09,0.3462531566619873,-2.022513490018696e-09,0.9381411075592041},dt=0.016692692996002734},{cf={99.71271514892578,3.9999992847442627,-57.046173095703125,0.9381411075592041,-3.95776957873295e-08,-0.3462531566619873,3.1884216156186085e-08,1,-2.7915421085822345e-08,0.3462531566619873,1.5148595267078235e-08,0.9381411075592041},dt=0.019326075998833403},{cf={99.71271514892578,3.9999992847442627,-57.046173095703125,0.9381411075592041,-8.440473919790747e-08,-0.3462531566619873,6.79978313655738e-08,1,-5.953209480935584e-08,0.3462531566619873,3.230503864415368e-08,0.9381411075592041},dt=0.015150461986195296},{cf={99.71271514892578,3.9999992847442627,-57.046173095703125,0.9381411075592041,-8.034676568513532e-08,-0.3462531566619873,6.472879476859816e-08,1,-5.6669584580504306e-08,0.3462531566619873,3.0751518664828836e-08,0.9381411075592041},dt=0.01684346201363951},{cf={99.71271514892578,3.9999992847442627,-57.046173095703125,0.9381411075592041,-5.4937242310870715e-08,-0.3462531566619873,4.42585914584015e-08,1,-3.874747989129901e-08,0.3462531566619873,2.1025927665618838e-08,0.9381411075592041},dt=0.020327306992840022},{cf={99.71271514892578,3.9999992847442627,-57.046173095703125,0.9381411075592041,-3.4629152878551395e-08,-0.3462531566619873,2.789816377912757e-08,1,-2.4423574274123894e-08,0.3462531566619873,1.3252932085094926e-08,0.9381411075592041},dt=0.017586539004696533},{cf={99.71271514892578,3.9999992847442627,-57.046173095703125,0.9381411075592041,-1.4338412235304077e-08,-0.3462531566619873,1.1551709810930788e-08,1,-1.0111902426501729e-08,0.3462531566619873,5.486575638258273e-09,0.9381411075592041},dt=0.014594384003430605},{cf={99.71271514892578,3.9999992847442627,-57.046173095703125,0.9381411075592041,8.682684016214637e-10,-0.3462531566619873,-6.989657741485189e-10,1,6.138279884382314e-10,0.3462531566619873,-3.3383815156717844e-10,0.9381411075592041},dt=0.015999077004380524},{cf={99.71271514892578,3.9999992847442627,-57.046173095703125,0.9381411075592041,2.619109018553445e-08,-0.3462531566619873,-2.1099321401152338e-08,1,1.847477726357738e-08,0.3462531566619873,-1.002624117063533e-08,0.9381411075592041},dt=0.020315999980084598},{cf={99.71271514892578,3.9999992847442627,-57.046173095703125,0.9381411075592041,4.6429882161191927e-08,-0.3462531566619873,-3.740392173767759e-08,1,3.2749806422316396e-08,0.3462531566619873,-1.7772711302654898e-08,0.9381411075592041},dt=0.015886539011262357},{cf={99.71271514892578,3.9999992847442627,-57.046173095703125,0.9381411075592041,6.665138130301784e-08,-0.3462531566619873,-5.369459543658195e-08,1,4.701263733863925e-08,0.3462531566619873,-2.55125645054477e-08,0.9381411075592041},dt=0.016493537987116724},{cf={99.71271514892578,3.9999992847442627,-57.046173095703125,0.9381411075592041,9.190396355052144e-08,-0.3462531566619873,-7.403836832509114e-08,1,6.482405012775416e-08,0.3462531566619873,-3.517808622177654e-08,0.9381411075592041},dt=0.018227308028144762},{cf={99.71271514892578,3.9999992847442627,-57.046173095703125,0.9381411075592041,1.019974504856691e-07,-0.3462531566619873,-8.21697909714203e-08,1,7.194328333071098e-08,0.3462531566619873,-3.904140299937353e-08,0.9381411075592041},dt=0.009770153992576525},{cf={99.71271514892578,3.9999992847442627,-57.046173095703125,0.9381411075592041,1.058357455008263e-07,-0.3462531566619873,-8.526203032488411e-08,1,7.465038009968339e-08,0.3462531566619873,-4.0510339971433496e-08,0.9381411075592041},dt=0.01620715399621986},{cf={99.71271514892578,3.9999992847442627,-57.046173095703125,0.9381411075592041,-7.453798644974086e-08,-0.3462531566619873,6.00480944967785e-08,1,-5.257541246805886e-08,0.3462531566619873,2.8531314200108682e-08,0.9381411075592041},dt=0.08724976898520254},{cf={99.71271514892578,3.9999992847442627,-57.046173095703125,0.938141942024231,-8.134615825383662e-08,-0.34625083208084106,6.553293729893994e-08,1,-5.737735975230862e-08,0.34625083208084106,3.1137272316072995e-08,0.938141942024231},dt=0.013268077018437907},{cf={99.71271514892578,3.9999992847442627,-57.046173095703125,0.938141942024231,-6.043497080554516e-08,-0.34625083208084106,4.8686828790778236e-08,1,-4.262751218675476e-08,0.34625083208084106,2.3132800563985256e-08,0.938141942024231},dt=0.01716546100215055},{cf={99.71271514892578,3.9999992847442627,-57.046173095703125,0.938141942024231,-3.954166416519911e-08,-0.34625083208084106,3.1855130089297745e-08,1,-2.7890274978403795e-08,0.34625083208084106,1.5135171338442888e-08,0.938141942024231},dt=0.015832692995900288},{cf={99.71271514892578,3.9999992847442627,-57.046173095703125,0.938141942024231,-1.86662312273711e-08,-0.34625083208084106,1.5037826983643754e-08,1,-1.3165642798185218e-08,0.34625083208084106,7.1443824189998395e-09,0.938141942024231},dt=0.01759469200624153},{cf={99.71271514892578,3.9999992847442627,-57.046173095703125,0.938141942024231,2.1913451053734434e-09,-0.34625083208084106,-1.7650892969456322e-09,1,1.5463952340866172e-09,0.34625083208084106,-8.395746320388753e-10,0.938141942024231},dt=0.01785384598770179},{cf={99.71271514892578,3.9999992847442627,-57.046173095703125,0.938141942024231,2.303107926593384e-08,-0.34625083208084106,-1.8553629743678357e-08,1,1.624585088677577e-08,0.34625083208084106,-8.816704699654565e-09,0.938141942024231},dt=0.016328077006619424},{cf={99.71271514892578,3.9999992847442627,-57.046173095703125,0.938141942024231,4.38529852431202e-08,-0.34625083208084106,-3.532780823434223e-08,1,3.093273548415709e-08,0.34625083208084106,-1.6787012668828538e-08,0.938141942024231},dt=0.01681007698061876},{cf={99.71271514892578,3.9999992847442627,-57.046173095703125,0.938141942024231,6.46570796902779e-08,-0.34625083208084106,-5.2087639090814264e-08,1,4.5607055909613337e-08,0.34625083208084106,-2.4750505644988152e-08,0.938141942024231},dt=0.015813308011274785},{cf={99.71271514892578,3.9999992847442627,-57.046173095703125,0.938141942024231,8.544338214733216e-08,-0.34625083208084106,-6.883313119487866e-08,1,6.026883170306974e-08,0.34625083208084106,-3.2707188069025506e-08,0.938141942024231},dt=0.017926383996382356},{cf={99.71271514892578,3.9999992847442627,-57.046173095703125,0.938141942024231,1.062119068251377e-07,-0.34625083208084106,-8.556430231010381e-08,1,7.491806286452629e-08,0.34625083208084106,-4.0657067046367956e-08,0.938141942024231},dt=0.01743884600000456},{cf={99.71271514892578,3.9999992847442627,-57.046173095703125,0.938141942024231,9.430489456008218e-08,-0.34625083208084106,-7.59720535370434e-08,1,6.651919193245703e-08,0.34625083208084106,-3.609906329415935e-08,0.938141942024231},dt=0.015503692993661389},{cf={99.71271514892578,3.9999992847442627,-57.046173095703125,0.938141942024231,4.976429224257117e-08,-0.34625083208084106,-4.009016052464176e-08,1,3.5101805906379013e-08,0.34625083208084106,-1.904922797280051e-08,0.938141942024231},dt=0.018539615004556254},{cf={99.71271514892578,3.9999992847442627,-57.046173095703125,0.938141942024231,5.261783897481109e-09,-0.34625083208084106,-4.238958073443655e-09,1,3.7112966033703287e-09,0.34625083208084106,-2.013980537896032e-09,0.938141942024231},dt=0.015115154004888609},{cf={99.71271514892578,3.9999992847442627,-57.046173095703125,0.938141942024231,-3.920265001511325e-08,-0.34625083208084106,3.1581574688743785e-08,1,-2.7652356848761883e-08,0.34625083208084106,1.5006691000962746e-08,0.938141942024231},dt=0.017082769016269594},{cf={99.71271514892578,3.9999992847442627,-57.046173095703125,0.938141942024231,-8.362904679870553e-08,-0.34625083208084106,6.737145952229184e-08,1,-5.8989179763102584e-08,0.34625083208084106,3.201279952236291e-08,0.938141942024231},dt=0.017336307995719835},{cf={99.71271514892578,3.9999992847442627,-57.046173095703125,0.938141942024231,-9.305053083608072e-08,-0.34625083208084106,7.496142018226237e-08,1,-6.563472254583758e-08,0.34625083208084106,3.5619233784700555e-08,0.938141942024231},dt=0.013952922978205606},{cf={99.71271514892578,3.9999992847442627,-57.046173095703125,0.938141942024231,-6.751199776999783e-08,-0.34625083208084106,5.4387619741191884e-08,1,-4.762065586305653e-08,0.34625083208084106,2.5843176487683195e-08,0.938141942024231},dt=0.015678692026995122},{cf={99.71271514892578,3.9999992847442627,-57.046173095703125,0.938141942024231,-4.1995317445753244e-08,-0.34625083208084106,3.383141944368617e-08,1,-2.9622002628570954e-08,0.34625083208084106,1.607548583137941e-08,0.938141942024231},dt=0.018244384991703555},{cf={99.71271514892578,3.9999992847442627,-57.046173095703125,0.938141942024231,-1.6500459665280687e-08,-0.34625083208084106,1.3292801526176845e-08,1,-1.1638744190634043e-08,0.34625083208084106,6.316151157648164e-09,0.938141942024231},dt=0.01544892298988998},{cf={99.71271514892578,3.9999992847442627,-57.046173095703125,0.938141942024231,8.972588894096134e-09,-0.34625083208084106,-7.228247778101604e-09,1,6.329130108895242e-09,0.34625083208084106,-3.434835749160925e-09,0.938141942024231},dt=0.017607923015020788},{cf={99.71271514892578,4.875675678253174,-57.046173095703125,0.938141942024231,3.442384510776719e-08,-0.34625083208084106,-2.773174045955784e-08,1,2.4281634480871617e-08,0.34625083208084106,-1.31774813283414e-08,0.938141942024231},dt=0.018640922993654385},{cf={99.71271514892578,5.700258255004883,-57.046173095703125,0.938141942024231,5.985333473290666e-08,-0.34625083208084106,-4.821769650220631e-08,1,4.221877958343612e-08,0.34625083208084106,-2.2911791575097595e-08,0.938141942024231},dt=0.013906231004511937},{cf={99.76861572265625,5.3077497482299805,-57.0463752746582,0.9381459951400757,-0.014236349612474442,-0.3459470868110657,0.013259083032608032,0.9998986124992371,-0.00519140250980854,0.34598591923713684,0.0002833522157743573,0.9382396340370178},dt=0.01825561499572359},{cf={99.77628326416016,4.958352565765381,-57.04645919799805,0.9381464719772339,-0.0011011101305484772,-0.3462369441986084,0.0010327670024707913,0.9999994039535522,-0.0003818853001575917,0.3462371528148651,6.82262395912403e-07,0.9381470084190369},dt=0.015095462003955618},{cf={99.77518463134766,4.5544233322143555,-57.04643630981445,0.9381347894668579,0.0054406169801950455,-0.3462275564670563,-0.005066245794296265,0.9999852180480957,0.001986309653148055,0.34623321890830994,-0.00010935225145658478,0.9381484389305115},dt=0.017240922985365614},{cf={99.7744369506836,4.096001148223877,-57.04642105102539,0.9381395578384399,0.0020490458700805902,-0.3462512493133545,-0.0019096076721325517,0.9999979138374329,0.0007438614848069847,0.3462520241737366,-0.000036641908081946895,0.9381415247917175},dt=0.01595346099929884},{cf={99.7746810913086,3.8669111728668213,-57.046424865722656,0.9381422400474548,-0.00009451624646317214,-0.34625014662742615,0.00008760688797337934,1,-0.000035605837183538824,0.34625014662742615,0.000003069442072956008,0.9381422400474548},dt=0.016837230999954045},{cf={99.77497863769531,4.742587566375732,-57.04643249511719,0.9381416440010071,-0.001204081578180194,-0.34624961018562317,0.0011218489380553365,0.9999992847442627,-0.0004379140445962548,0.34624987840652466,0.000022385685952031054,0.9381422996520996},dt=0.01798100001178682},{cf={99.77516174316406,5.5671706199646,-57.04643630981445,0.9381415247917175,-0.0008618751307949424,-0.346250981092453,0.0008031196193769574,0.9999996423721313,-0.0003131686826236546,0.34625113010406494,0.000015715602785348892,0.9381418824195862},dt=0.01737784600118175},{cf={99.8479232788086,5.262632369995117,-57.04460525512695,0.9381439685821533,-0.017311496660113335,-0.3458124101161957,0.01619875431060791,0.9998501539230347,-0.006107757333666086,0.345866322517395,0.0001282256853301078,0.9382838010787964},dt=0.0162018459814135},{cf={99.85871124267578,4.917652606964111,-57.044403076171875,0.9381478428840637,-0.0013944593956694007,-0.34623217582702637,0.0013102483935654163,0.9999990463256836,-0.0004772848333232105,0.34623250365257263,-0.000005886453436687589,0.9381487369537354},dt=0.014886076998664066},{cf={99.857421875,4.518125534057617,-57.04438781738281,0.9381308555603027,0.006608530413359404,-0.34621790051460266,-0.006183172110468149,0.9999781847000122,0.0023331011179834604,0.346225768327713,-0.000048029309255070984,0.9381512403488159},dt=0.016653923026751727},{cf={99.85649108886719,4.064109802246094,-57.04438400268555,0.9381377100944519,0.0025008628144860268,-0.34625333547592163,-0.0023410595022141933,0.9999969005584717,0.0008797572227194905,0.34625446796417236,-0.000014733819625689648,0.9381406307220459},dt=0.01717007698607631},{cf={99.85633087158203,4.939784049987793,-57.04439163208008,0.9405698180198669,-0.002148847561329603,-0.3395936191082001,0.0020211783703416586,0.9999976754188538,-0.0007296461844816804,0.33959439396858215,-9.611054707647781e-08,0.9405719637870789},dt=0.019276077015092596},{cf={99.8830337524414,5.48645544052124,-57.043548583984375,0.9402986764907837,-0.01612572744488716,-0.33996817469596863,0.015170258469879627,0.9998699426651001,-0.00546832662075758,0.34001216292381287,-0.000015544654161203653,0.9404210448265076},dt=0.015748615987831727},{cf={99.90528869628906,5.185553550720215,-57.043052673339844,0.9425578713417053,-0.023013276979327202,-0.3332493007183075,0.021730147302150726,0.9997351765632629,-0.007577698212116957,0.33333542943000793,-0.0000991376509773545,0.9428082704544067},dt=0.0166208459995687},{cf={99.90743255615234,4.83026123046875,-57.043087005615234,0.9510607123374939,0.003284676466137171,-0.30898669362068176,-0.0031344396993517876,0.9999945759773254,0.00098261923994869,0.3089882731437683,0.00003396958709345199,0.9510658383369446},dt=0.014308999991044402},{cf={99.90452575683594,4.420393466949463,-57.04303741455078,0.9510574340820312,0.005921679548919201,-0.30895745754241943,-0.005603670608252287,0.999982476234436,0.0019166494021192193,0.3089633882045746,-0.00009154783765552565,0.951073944568634},dt=0.01914330801810138},{cf={99.90267944335938,3.9560327529907227,-57.04300308227539,0.9528454542160034,0.0018241938669234514,-0.30345043540000916,-0.0017048601293936372,0.9999983310699463,0.0006581721245311201,0.3034511208534241,-0.0001097958447644487,0.9528470039367676},dt=0.016861846001120284},{cf={99.90206909179688,3.437169075012207,-57.0429801940918,0.9568792581558228,-0.000046640081563964486,-0.29048585891723633,0.00006309570017037913,1,0.000047282468585763127,0.29048585891723633,-0.00006357202073559165,0.9568792581558228},dt=0.01546615400002338},{cf={99.90213012695312,3.48537015914917,-57.0429801940918,0.9566872119903564,-0.0003527141234371811,-0.2911176085472107,0.00033168712980113924,0.9999999403953552,-0.00012157724268035963,0.2911176085472107,0.00001975143277377356,0.9566872715950012},dt=0.015820075990632176},{cf={99.90218353271484,3.686866283416748,-57.042991638183594,0.9587260484695435,-0.000028298354664002545,-0.2843315303325653,0.000019191200408386067,1,-0.00003481587555143051,0.2843315303325653,0.00002792222221614793,0.9587260484695435},dt=0.015757769986521453},{cf={99.90214538574219,3.8242905139923096,-57.042999267578125,0.9585491418838501,0.00006445157487178221,-0.2849273383617401,-0.00006310790922725573,1,0.000013896662494516931,0.2849273383617401,0.0000046605346142314374,0.9585491418838501},dt=0.01681630700477399},{cf={99.90211486816406,4.699966907501221,-57.04300308227539,0.9603709578514099,0.00005570932989940047,-0.2787250876426697,-0.00004984000406693667,1,0.000028144002499175258,0.2787250876426697,-0.000013137022506271023,0.9603709578514099},dt=0.019845230999635532},{cf={99.90210723876953,5.52454948425293,-57.04300308227539,0.9603711366653442,0.00002581613625807222,-0.27872440218925476,-0.00002182818207074888,1,0.000017411395674571395,0.27872440218925476,-0.000010637355444487184,0.9603711366653442},dt=0.01647853900794871},{cf={100.17897033691406,5.367262840270996,-57.06010818481445,0.9578840136528015,-0.05443596839904785,-0.281948447227478,0.05067284405231476,0.998502254486084,-0.02062692865729332,0.2826490104198456,0.005471075419336557,0.9592077732086182},dt=0.017669152992311865},{cf={100.30497741699219,5.156303882598877,-57.068450927734375,0.9601508378982544,-0.005129489116370678,-0.2794351577758789,0.004773486405611038,0.9999867081642151,-0.001954491715878248,0.2794414758682251,0.0005427268915809691,0.9601625800132751},dt=0.013901616010116413},{cf={100.30528259277344,4.890376567840576,-57.068294525146484,0.9620011448860168,0.02068137750029564,-0.27226102352142334,-0.019315754994750023,0.9997838139533997,0.007695292588323355,0.2723613381385803,-0.0021439529955387115,0.9621926546096802},dt=0.01808669199817814},{cf={100.30240631103516,4.570056438446045,-57.06798553466797,0.9621145725250244,0.007987366989254951,-0.27252843976020813,-0.007457032799720764,0.9999677538871765,0.0029816708993166685,0.2725434899330139,-0.0008364553796127439,0.9621431231498718},dt=0.015201000001979992},{cf={100.30188751220703,5.455944061279297,-57.067928314208984,0.9638892412185669,-0.006630714051425457,-0.26622098684310913,0.0062244851142168045,0.9999778270721436,-0.00236965948715806,0.2662307918071747,0.0006270005833357573,0.9639090895652771},dt=0.016355384985217825},{cf={100.48355865478516,5.700010299682617,-57.109230041503906,0.923265814781189,-0.24842298030853271,-0.2930294871330261,0.2445489466190338,0.9683258533477783,-0.05040692910552025,0.2962702810764313,-0.025121062994003296,0.9547737240791321},dt=0.018460307008353993},{cf={101.1712875366211,6.292708396911621,-57.032657623291016,0.711108386516571,-0.6798077821731567,-0.1794053018093109,0.666478157043457,0.7330319881439209,-0.13590791821479797,0.22390107810497284,-0.022924453020095825,0.9743422269821167},dt=0.014486153988400474},{cf={102.07533264160156,7.171687126159668,-56.95525360107422,0.7512865662574768,-0.6016266942024231,-0.27131861448287964,0.5969712734222412,0.7947781085968018,-0.10932996869087219,0.2814139425754547,-0.07983129471540451,0.9562599658966064},dt=0.01676761600538157},{cf={103.0188980102539,8.027490615844727,-56.869544982910156,0.9264615774154663,-0.24382342398166656,-0.28673863410949707,0.24226239323616028,0.9693232178688049,-0.04149039089679718,0.2880587577819824,-0.03102673776447773,0.9571099877357483},dt=0.017541845998493955},{cf={103.8791275024414,8.788564682006836,-56.79338455200195,0.963022768497467,-0.043561190366744995,-0.26587507128715515,0.042817372828722,0.9990459084510803,-0.008596236817538738,0.2659958600997925,-0.003105700248852372,0.9639691710472107},dt=0.015660692006349564},{cf={104.65830993652344,9.487136840820312,-56.725669860839844,0.9641413688659668,0.008000959642231464,-0.265268474817276,-0.008116158656775951,0.9999668598175049,0.0006618576589971781,0.26526495814323425,0.0015148365637287498,0.9641743898391724},dt=0.017298077000305057},{cf={105.3838119506836,10.130951881408691,-56.66279983520508,0.9638991951942444,0.008802536875009537,-0.26612192392349243,-0.008771924301981926,0.9999606609344482,0.0013036890886723995,0.2661229372024536,0.0010777766583487391,0.9639384746551514},dt=0.01644346199464053},{cf={106.0679702758789,10.720277786254883,-56.603450775146484,0.9638931155204773,0.0032181625720113516,-0.2662699818611145,-0.0031903597991913557,0.9999947547912598,0.0005369734717532992,0.26627030968666077,0.0003319120150990784,0.9638983607292175},dt=0.015671383996959776},{cf={106.7133560180664,11.255094528198242,-56.54741668701172,0.9638948440551758,0.0004969415604136884,-0.26628273725509644,-0.00048737687757238746,0.9999998807907104,0.00010200220276601613,0.2662827670574188,0.000031460662285098806,0.9638949632644653},dt=0.01868492300854996},{cf={107.31974792480469,11.735410690307617,-56.494754791259766,0.9620040059089661,-0.0001383060443913564,-0.2730352580547333,0.00013901157944928855,1,-0.000016761023289291188,0.2730352580547333,-0.000021830892364960164,0.9620040059089661},dt=0.017271923017688096},{cf={107.83966827392578,11.801012992858887,-56.37508773803711,0.9675323963165283,0.00018647538672666997,-0.2527470290660858,0.00017588428454473615,0.9999989867210388,0.0014110916526988149,0.2527470290660858,-0.0014097311068326235,0.9675313830375671},dt=0.017298769991612062},{cf={108.13331604003906,12.395925521850586,-55.62018585205078,0.9705893397331238,0.0005823316751047969,-0.24074044823646545,0.0001381199836032465,0.9999955892562866,0.0029757653828710318,0.24074111878871918,-0.0029214974492788315,0.9705849885940552},dt=0.0142196920060087},{cf={108.41779327392578,12.93634033203125,-54.887699127197266,0.9636901021003723,0.00042916747042909265,-0.2670228183269501,0.00006857162225060165,0.9999982714653015,0.0018547048093751073,0.2670231759548187,-0.0018056707922369242,0.9636884331703186},dt=0.01606799999717623},{cf={108.68785858154297,13.422253608703613,-54.19218063354492,0.9587699174880981,0.00013999914517626166,-0.28418347239494324,0.000010817785550898407,0.9999998807907104,0.0005291331908665597,0.2841835021972656,-0.0005103911971673369,0.9587697982788086},dt=0.018469614995410666},{cf={108.94358825683594,13.853667259216309,-53.533912658691406,0.9584149122238159,0.000012724093721772078,-0.28537851572036743,-0.0000029722677936661057,1,0.000034604665415827185,0.28537851572036743,-0.0000323174026561901,0.9584149122238159},dt=0.01521876998594962},{cf={109.18496704101562,14.23058032989502,-52.912784576416016,0.9583739042282104,-0.000010274626220052596,-0.28551605343818665,-0.0000026529000933805946,1,-0.00004489098137128167,0.28551605343818665,0.00004377979348646477,0.9583739042282104},dt=0.016411307005910203},{cf={109.41195678710938,14.552993774414062,-52.328704833984375,0.9585490822792053,-0.000006294204922596691,-0.28492748737335205,-9.032534649122681e-07,1,-0.000025129262212431058,0.28492748737335205,0.000024344992198166437,0.9585490822792053},dt=0.017691154003841802},{cf={109.62456512451172,14.820907592773438,-51.781654357910156,0.9557750225067139,-0.0000018941519783766125,-0.29409870505332947,-6.157031151587944e-08,1,-0.000006640625088039087,0.29409870505332947,0.000006365051376633346,0.9557750225067139},dt=0.016920538997510448},{cf={109.8227767944336,15.034321784973145,-51.2716178894043,0.9557752013206482,-1.3683850852430623e-07,-0.2940981984138489,7.545274627318577e-08,1,-2.2007155564551795e-07,0.2940981984138489,1.881484195109806e-07,0.9557752013206482},dt=0.015239152999129146},{cf={110.00660705566406,15.193235397338867,-50.798606872558594,0.9594275951385498,1.557942965746406e-07,-0.28195512294769287,3.281297011881179e-08,1,6.642048901994713e-07,0.28195512294769287,-6.465082833528868e-07,0.9594275951385498},dt=0.016904616000829265},{cf={110.17604064941406,15.297649383544922,-50.36262130737305,0.9594266414642334,9.853361859768484e-08,-0.2819584310054779,2.1511523673467536e-09,1,3.5678129961524974e-07,0.2819584310054779,-3.429119885822729e-07,0.9594266414642334},dt=0.018013460998190567},{cf={110.33109283447266,15.347562789916992,-49.963661193847656,0.9557792544364929,3.7536985075803386e-08,-0.2940850257873535,-2.1681740847157016e-08,1,5.717402729032983e-08,0.2940850257873535,-4.826947375136115e-08,0.9557792544364929},dt=0.01817177000339143},{cf={110.47174835205078,15.342976570129395,-49.601722717285156,0.9557785987854004,-4.1667322925320605e-09,-0.29408708214759827,-1.851964448462695e-08,1,-7.435692594981447e-08,0.29408708214759827,7.651514977169427e-08,0.9557785987854004},dt=0.016096923005534336},{cf={110.54637908935547,15.385154724121094,-49.40968704223633,0.9557785987854004,-2.7497923937858104e-08,-0.29408708214759827,-5.935115954258663e-09,1,-1.127916888776781e-07,0.29408708214759827,1.095493260550029e-07,0.9557785987854004},dt=0.01704061499913223},{cf={110.552001953125,15.432826042175293,-49.39521408081055,0.9557793736457825,-4.087013394382666e-08,-0.2940846383571625,7.061603302105368e-09,1,-1.1602373461983007e-07,0.2940846383571625,1.0881638701221164e-07,0.9557793736457825},dt=0.014926768984878436},{cf={110.5521011352539,15.462689399719238,-49.39492416381836,0.9557780027389526,-3.454176678019394e-08,-0.294089138507843,1.5909110473444343e-08,1,-6.574941835424397e-08,0.294089138507843,5.8163148963785716e-08,0.9557780027389526},dt=0.01801384601276368},{cf={110.5521011352539,16.338367462158203,-49.39487838745117,0.9557782411575317,-2.8218243741662263e-08,-0.29408833384513855,2.4749020610670414e-08,1,-1.5518018869897787e-08,0.29408833384513855,7.553385472647278e-09,0.9557782411575317},dt=0.017720615986036137},{cf={110.5521011352539,17.16295051574707,-49.394874572753906,0.9557778239250183,-2.1900183000411744e-08,-0.294089674949646,3.358145406195945e-08,1,3.4670467385922166e-08,0.294089674949646,-4.301322320543477e-08,0.9557778239250183},dt=0.016479306999826804},{cf={110.5521011352539,17.93303108215332,-49.394874572753906,0.9538555145263672,-1.5308808443137423e-08,-0.3002660572528839,4.2730530225298935e-08,1,8.475797130813589e-08,0.3002660572528839,-9.3677385848423e-08,0.9538555145263672},dt=0.015906462009297684},{cf={110.5521011352539,18.64861488342285,-49.394874572753906,0.9538558125495911,-9.001619005744033e-09,-0.30026498436927795,5.187173712783988e-08,1,1.3480273253207997e-07,0.30026498436927795,-1.4415763871511444e-07,0.9538558125495911},dt=0.016799153992906213},{cf={110.5521011352539,19.309696197509766,-49.394874572753906,0.9547842144966125,-2.4939308396199067e-09,-0.29729968309402466,3.910284362973471e-08,1,1.171910071207094e-07,0.29729968309402466,-1.2351738121196831e-07,0.9547842144966125},dt=0.013776923005934805},{cf={110.5521011352539,19.916278839111328,-49.394874572753906,0.9547869563102722,4.454567825717959e-09,-0.2972909212112427,2.6345025716523196e-08,1,9.959421021221715e-08,0.2972909212112427,-1.0292338714634752e-07,0.9547869563102722},dt=0.02162923099240288},{cf={110.5521011352539,20.468360900878906,-49.394874572753906,0.9547841548919678,1.139922822801509e-08,-0.29729989171028137,1.35979432158706e-08,1,8.201256918027866e-08,0.29729989171028137,-8.234697190800944e-08,0.9547841548919678},dt=0.012145230022724718},{cf={110.5521011352539,20.9659423828125,-49.394874572753906,0.95478755235672,1.833604379442022e-08,-0.2972889840602875,8.619542857246643e-10,1,6.444580691322699e-08,0.2972889840602875,-6.178829892178328e-08,0.95478755235672},dt=0.015947692998452112},{cf={110.5521011352539,21.409025192260742,-49.394874572753906,0.954783022403717,2.5268811043588357e-08,-0.29730352759361267,-1.1863417803681386e-08,1,4.689423249715219e-08,0.29730352759361267,-4.124678198991205e-08,0.954783022403717},dt=0.021603614994091913},{cf={110.5521011352539,21.797605514526367,-49.394874572753906,0.9547888040542603,3.219391331299448e-08,-0.2972850203514099,-2.4577579083029377e-08,1,2.935740006648757e-08,0.2972850203514099,-2.0723570415270842e-08,0.9547888040542603},dt=0.014601615985156968},{cf={110.55135345458984,22.00885581970215,-49.394344329833984,0.9525811672210693,0.00016015072469599545,-0.30428460240364075,-0.00008993188384920359,0.9999999403953552,0.0002447816950734705,0.30428463220596313,-0.0002058095415122807,0.9525811672210693},dt=0.017828923009801656},{cf={110.56025695800781,21.7520694732666,-49.38475799560547,0.9525834321975708,0.0002059664693661034,-0.3042774200439453,-0.00010851893603103235,0.9999999403953552,0.0003371696802787483,0.3042774796485901,-0.00028816238045692444,0.952583372592926},dt=0.01747315301327035},{cf={110.56031036376953,21.485326766967773,-49.38460922241211,0.9525690674781799,0.00006829965423094109,-0.30432239174842834,-0.00003556600131560117,1,0.00011310564877931029,0.30432239174842834,-0.00009691742161521688,0.9525690674781799},dt=0.015898154000751674},{cf={110.560302734375,21.24950408935547,-49.38459014892578,0.9525622129440308,0.00001703236011962872,-0.30434390902519226,-0.000008719514880795032,1,0.000028673088309005834,0.30434390902519226,-0.00002465916986693628,0.9525622129440308},dt=0.017051461996743456},{cf={110.56029510498047,20.887386322021484,-49.38458